556 21
554 129
6
505 35
505 65
505 95
450 36
450 65
450 95
2
64
160 151
207 142
252 137
310 138
371 129
416 130
477 130
542 130
601 130
653 134
734 134
782 140
816 159
799 180
770 198
727 230
697 265
674 290
657 332
661 364
686 396
709 418
741 449
776 480
794 512
813 558
812 590
776 609
724 616
686 624
647 626
597 628
547 626
490 622
448 622
408 618
362 607
320 590
292 565
313 528
352 504
396 477
439 453
468 436
503 411
538 391
570 364
589 333
608 302
612 246
587 217
562 186
529 170
472 165
436 157
392 162
363 177
313 186
281 189
253 214
216 227
172 241
145 214
149 182
61
107 33
155 27
214 24
271 20
326 20
401 12
448 15
521 14
583 10
638 22
720 25
811 21
859 27
914 37
953 45
993 53
1006 86
976 128
840 308
832 335
840 367
914 448
959 519
985 570
991 623
983 660
966 695
939 714
876 738
804 745
641 746
498 738
384 736
267 725
147 705
78 671
65 615
74 576
96 534
125 502
171 465
231 425
304 387
430 299
426 274
390 273
368 292
326 312
250 352
183 388
151 414
93 414
71 401
47 349
31 307
16 239
18 190
21 135
27 93
41 61
60 43
